598.4 -0.0 562.3 35.9 
598.6 -0.0 562.3 36.1 
598.8 -0.0 562.3 36.3 
599.0 -0.0 562.3 36.5 
599.1 -0.0 562.3 36.6 
599.3 -0.0 562.3 36.8 
599.5 -0.0 562.3 37.0 
599.7 -0.0 562.3 37.2 
599.9 -0.0 562.3 37.4 
600.1 -0.0 562.3 37.6 
600.3 -0.0 562.3 37.8 
600.5 -0.0 562.3 38.0 
600.7 -0.0 562.3 38.2 
600.9 -0.0 562.3 38.4 
601.1 -0.0 562.3 38.6 
601.3 -0.0 562.3 38.8 
601.5 -0.0 562.3 39.1 
601.8 -0.0 562.3 39.3 
602.0 -0.0 562.3 39.5 
602.2 0.0 562.3 39.7 
602.4 0.0 562.2 39.9 
602.6 0.0 562.2 40.2 
602.9 0.0 562.2 40.4 
603.1 0.0 562.2 40.6 
603.3 0.0 562.2 40.9 
603.6 0.0 562.2 41.1 
603.8 0.0 562.2 41.3 
604.0 0.0 562.2 41.6 
604.3 0.0 562.2 41.8 
604.5 0.0 562.2 42.1 
604.8 0.0 562.2 42.3 
605.0 0.0 562.2 42.6 
605.3 0.0 562.2 42.8 
605.5 0.0 562.2 43.1 
605.8 0.0 562.2 43.3 
606.0 0.0 562.2 43.6 
606.3 0.0 562.2 43.9 
606.6 0.0 562.2 44.1 
606.9 0.0 562.2 44.4 
607.1 0.0 562.2 44.7 
607.4 0.0 562.2 45.0 
607.7 0.0 562.2 45.3 
608.0 0.0 562.2 45.6 
608.3 0.0 562.2 45.9 
608.6 0.0 562.2 46.2 
608.9 0.0 562.2 46.5 
609.2 0.0 562.2 46.8 
609.5 0.0 562.2 47.1 
609.8 0.0 562.1 47.4 
610.1 0.0 562.1 47.7 
610.4 0.0 562.1 48.0 
610.7 0.0 562.1 48.4 
611.1 0.0 562.1 48.7 
611.4 0.0 562.1 49.0 
611.7 0.0 562.1 49.4 
612.1 0.0 562.1 49.7 
612.4 0.0 562.1 50.1 
612.8 0.0 562.1 50.4 
613.1 0.0 562.1 50.8 
613.5 0.0 562.1 51.1 
613.8 0.0 562.1 51.5 
614.2 0.0 562.1 51.9 
614.6 0.0 562.1 52.3 
615.0 0.0 562.1 52.7 
615.3 0.0 562.1 53.0 
615.7 0.0 562.0 53.4 
616.1 0.0 562.0 53.9 
616.5 0.0 562.0 54.3 
616.9 0.0 562.0 54.7 
617.4 0.0 562.0 55.1 
617.8 0.0 562.0 55.5 
618.2 0.0 562.0 56.0 
618.6 0.0 562.0 56.4 
619.1 0.0 562.0 56.9 
619.5 0.0 562.0 57.3 
620.0 0.0 562.0 57.8 
620.5 0.0 562.0 58.3 
620.9 0.0 562.0 58.8 
621.4 0.0 561.9 59.2 
621.9 0.0 561.9 59.7 
622.4 0.0 561.9 60.3 
622.9 0.0 561.9 60.8 
623.4 0.0 561.9 61.3 
623.9 0.0 561.9 61.8 
624.4 0.0 561.9 62.4 
625.0 0.0 561.9 62.9 
625.5 0.0 561.9 63.5 
626.1 0.0 561.9 64.1 
626.6 0.0 561.8 64.7 
627.2 0.0 561.8 65.2 
627.8 0.0 561.8 65.9 
628.4 0.0 561.8 66.5 
629.0 0.0 561.8 67.1 
629.6 0.0 561.8 67.7 
630.3 0.0 561.8 68.4 
630.9 0.0 561.7 69.1 
631.6 0.0 561.7 69.8 
632.2 0.0 561.7 70.4 
632.9 0.0 561.7 71.2 
633.6 -0.0 561.7 71.9 
634.3 -0.0 561.7 72.6 
635.0 -0.0 561.7 73.4 
635.8 -0.0 561.6 74.1 
636.5 -0.0 561.6 74.9 
637.3 -0.0 561.6 75.7 
638.1 -0.0 561.6 76.6 
638.9 -0.0 561.6 77.4 
639.7 -0.0 561.5 78.3 
640.5 -0.0 561.5 79.1 
641.4 0.0 561.5 80.0 
642.2 0.0 561.5 81.0 
643.1 0.0 561.4 81.9 
644.0 0.0 561.4 82.9 
644.9 0.0 561.4 83.8 
645.9 0.0 561.4 84.9 
646.9 0.0 561.3 85.9 
647.9 0.0 561.3 87.0 
648.9 0.0 561.3 88.0 
649.9 0.0 561.2 89.2 
651.0 0.0 561.2 90.3 
652.1 0.0 561.2 91.5 
653.2 0.0 561.1 92.7 
654.3 0.0 561.1 93.9 
655.5 0.0 561.1 95.2 
656.7 0.0 561.0 96.5 
657.9 0.0 561.0 97.9 
659.2 0.0 560.9 99.3 
660.5 0.0 560.9 100.7 
661.8 0.0 560.9 102.2 
663.2 0.0 560.8 103.7 
664.6 -0.0 560.8 105.3 
666.1 -0.0 560.7 106.9 
667.6 -0.0 560.6 108.5 
669.1 -0.0 560.6 110.3 
670.7 -0.0 560.5 112.0 
672.3 -0.0 560.5 113.9 
674.0 0.0 560.4 115.8 
675.7 0.0 560.3 117.7 
677.5 0.0 560.2 119.8 
679.3 0.0 560.2 121.9 
681.2 0.0 560.1 124.1 
683.1 0.0 560.0 126.3 
685.1 0.0 559.9 128.7 
687.2 0.0 559.8 131.1 
689.3 0.0 559.7 133.7 
691.5 0.0 559.6 136.3 
693.8 0.0 559.5 139.1 
696.2 0.0 559.3 142.0 
698.7 0.0 559.2 145.0 
701.2 0.0 559.1 148.2 
703.8 0.0 558.9 151.5 
706.6 0.0 558.7 154.9 
709.4 -0.0 558.6 158.5 
712.3 -0.0 558.4 162.4 
715.4 -0.0 558.2 166.4 
718.6 -0.0 557.9 170.6 
721.9 -0.0 557.7 175.0 
725.3 0.0 557.4 179.8 
728.9 0.0 557.2 184.8 
732.6 0.0 556.9 190.1 
736.5 0.0 556.5 195.7 
740.6 0.0 556.2 201.7 
744.9 0.0 555.7 208.2 
749.3 0.0 555.3 215.1 
754.0 0.0 554.8 222.5 
758.8 0.0 554.2 230.6 
763.9 -0.0 553.6 239.3 
769.3 0.0 552.9 248.8 
774.9 0.0 552.1 259.1 
780.8 0.0 551.2 270.6 
787.0 0.0 550.2 283.3 
793.6 0.0 548.9 297.4 
800.4 0.0 547.5 313.4 
807.7 -0.0 545.8 331.7 
815.4 -0.0 543.7 352.9 
823.5 -0.0 541.1 377.9 
832.0 0.0 537.8 408.2 
841.1 0.0 533.4 446.4 
850.6 0.0 527.4 497.1 
860.8 0.0 518.5 572.2 
871.5 0.0 506.6 717.1 
882.9 0.0 816.5 939.0 
895.0 0.0 1009.3 793.3 
907.9 0.0 1088.5 684.7 
921.5 -0.0 1133.7 601.3 
936.0 -0.0 1163.5 533.1 
951.3 -0.0 1184.7 475.0 
967.6 -0.0 1200.5 424.1 
984.9 -0.0 1212.9 378.3 
1003.2 0.0 1222.6 336.5 
1022.5 0.0 1230.5 297.7 
1043.0 -0.0 1236.9 261.3 
1064.5 -0.0 1242.2 226.9 
1087.1 -0.0 1246.4 194.0 
1110.8 0.0 1249.9 162.3 
1135.5 0.0 1252.6 131.6 
1161.3 -0.0 1254.7 101.6 
1187.9 0.0 1256.2 72.2 
-27.7 0.0 1257.2 43.2 
-9.2 0.0 1257.7 14.4 
9.2 -0.0 1257.7 -14.4 
27.7 0.0 1257.2 -43.2 
46.0 0.0 1256.2 -72.2 
64.0 0.0 1254.7 -101.6 
81.7 -0.0 1252.6 -131.6 
99.0 0.0 1249.9 -162.3 
115.9 0.0 1246.4 -194.0 
132.2 0.0 1242.2 -226.9 
147.9 0.0 1236.9 -261.3 
163.1 0.0 1230.5 -297.7 
177.6 0.0 1222.6 -336.5 
191.5 0.0 1212.9 -378.3 
204.8 0.0 1200.5 -424.1 
217.5 0.0 1184.7 -475.0 
229.6 0.0 1163.5 -533.1 
241.0 0.0 1133.7 -601.3 
252.0 0.0 1088.5 -684.7 
262.3 0.0 1009.3 -793.3 
272.2 0.0 816.5 -939.0 
281.5 0.0 506.6 -717.1 
290.4 0.0 518.5 -572.2 
298.9 0.0 527.4 -497.1 
306.9 0.0 533.4 -446.4 
314.5 0.0 537.8 -408.2 
321.7 -0.0 541.1 -377.9 
328.6 0.0 543.7 -352.9 
335.2 0.0 545.8 -331.7 
341.4 -0.0 547.5 -313.4 
347.4 -0.0 548.9 -297.4 
353.0 -0.0 550.2 -283.3 
358.4 -0.0 551.2 -270.6 
363.6 -0.0 552.1 -259.1 
368.5 -0.0 552.9 -248.8 
373.2 -0.0 553.6 -239.3 
377.7 -0.0 554.2 -230.6 
382.1 -0.0 554.8 -222.5 
386.2 -0.0 555.3 -215.1 
390.2 0.0 555.7 -208.2 
394.0 0.0 556.2 -201.7 
397.6 0.0 556.5 -195.7 
401.1 0.0 556.9 -190.1 
404.5 0.0 557.2 -184.8 
407.7 0.0 557.4 -179.8 
410.8 0.0 557.7 -175.0 
413.8 0.0 557.9 -170.6 
416.7 0.0 558.2 -166.4 
419.5 0.0 558.4 -162.4 
422.2 0.0 558.6 -158.5 
424.7 0.0 558.7 -154.9 
427.2 0.0 558.9 -151.5 
429.7 0.0 559.1 -148.2 
432.0 0.0 559.2 -145.0 
434.2 0.0 559.3 -142.0 
436.4 0.0 559.5 -139.1 
438.5 0.0 559.6 -136.3 
440.6 0.0 559.7 -133.7 
442.6 0.0 559.8 -131.1 
444.5 0.0 559.9 -128.7 
446.3 0.0 560.0 -126.3 
448.1 0.0 560.1 -124.1 
449.9 0.0 560.2 -121.9 
451.6 0.0 560.2 -119.8 
453.2 0.0 560.3 -117.7 
454.8 0.0 560.4 -115.8 
456.4 0.0 560.5 -113.9 
457.9 0.0 560.5 -112.0 
459.4 0.0 560.6 -110.3 
460.8 0.0 560.6 -108.5 
462.2 0.0 560.7 -106.9 
463.6 0.0 560.8 -105.3 
464.9 0.0 560.8 -103.7 
466.2 0.0 560.9 -102.2 
467.4 -0.0 560.9 -100.7 
468.7 -0.0 560.9 -99.3 
469.9 -0.0 561.0 -97.9 
471.0 -0.0 561.0 -96.5 
472.2 -0.0 561.1 -95.2 
473.3 -0.0 561.1 -93.9 
474.3 -0.0 561.1 -92.7 
475.4 -0.0 561.2 -91.5 
476.4 -0.0 561.2 -90.3 
477.4 -0.0 561.2 -89.2 
478.4 -0.0 561.3 -88.0 
479.4 -0.0 561.3 -87.0 
480.3 -0.0 561.3 -85.9 
481.2 -0.0 561.4 -84.9 
482.1 -0.0 561.4 -83.8 
483.0 -0.0 561.4 -82.9 
483.9 -0.0 561.4 -81.9 
484.7 -0.0 561.5 -81.0 
485.6 -0.0 561.5 -80.0 
486.4 -0.0 561.5 -79.1 
487.2 -0.0 561.5 -78.3 
487.9 -0.0 561.6 -77.4 
488.7 -0.0 561.6 -76.6 
489.4 -0.0 561.6 -75.7 
490.2 -0.0 561.6 -74.9 
490.9 -0.0 561.6 -74.1 
491.6 -0.0 561.7 -73.4 
492.3 -0.0 561.7 -72.6 
493.0 -0.0 561.7 -71.9 
493.6 -0.0 561.7 -71.2 
494.3 -0.0 561.7 -70.4 
494.9 -0.0 561.7 -69.8 
495.5 -0.0 561.7 -69.1 
496.2 -0.0 561.8 -68.4 
496.8 -0.0 561.8 -67.7 
497.4 -0.0 561.8 -67.1 
497.9 -0.0 561.8 -66.5 
498.5 -0.0 561.8 -65.9 
499.1 -0.0 561.8 -65.2 
499.6 -0.0 561.8 -64.7 
500.2 -0.0 561.9 -64.1 
500.7 -0.0 561.9 -63.5 
501.2 -0.0 561.9 -62.9 
501.7 -0.0 561.9 -62.4 
502.3 -0.0 561.9 -61.8 
502.8 -0.0 561.9 -61.3 
503.2 -0.0 561.9 -60.8 
503.7 -0.0 561.9 -60.3 
504.2 -0.0 561.9 -59.7 
504.7 -0.0 561.9 -59.2 
505.1 -0.0 562.0 -58.8 
505.6 -0.0 562.0 -58.3 
506.0 -0.0 562.0 -57.8 
506.5 -0.0 562.0 -57.3 
506.9 -0.0 562.0 -56.9 
507.3 -0.0 562.0 -56.4 
507.8 -0.0 562.0 -56.0 
508.2 -0.0 562.0 -55.5 
508.6 -0.0 562.0 -55.1 
509.0 -0.0 562.0 -54.7 
509.4 -0.0 562.0 -54.3 
509.8 -0.0 562.0 -53.9 
510.1 -0.0 562.0 -53.4 
510.5 -0.0 562.1 -53.0 
510.9 -0.0 562.1 -52.7 
511.3 -0.0 562.1 -52.3 
511.6 -0.0 562.1 -51.9 
512.0 -0.0 562.1 -51.5 
512.3 -0.0 562.1 -51.1 
512.7 -0.0 562.1 -50.8 
513.0 -0.0 562.1 -50.4 
513.4 -0.0 562.1 -50.1 
513.7 -0.0 562.1 -49.7 
514.0 -0.0 562.1 -49.4 
514.4 -0.0 562.1 -49.0 
514.7 -0.0 562.1 -48.7 
515.0 -0.0 562.1 -48.4 
515.3 -0.0 562.1 -48.0 
515.6 -0.0 562.1 -47.7 
515.9 -0.0 562.1 -47.4 
516.2 -0.0 562.2 -47.1 
516.5 -0.0 562.2 -46.8 
516.8 -0.0 562.2 -46.5 
517.1 -0.0 562.2 -46.2 
517.4 -0.0 562.2 -45.9 
517.7 -0.0 562.2 -45.6 
517.9 -0.0 562.2 -45.3 
518.2 -0.0 562.2 -45.0 
518.5 -0.0 562.2 -44.7 
518.8 -0.0 562.2 -44.4 
519.0 -0.0 562.2 -44.1 
519.3 -0.0 562.2 -43.9 
519.5 -0.0 562.2 -43.6 
519.8 -0.0 562.2 -43.3 
520.1 -0.0 562.2 -43.1 
520.3 -0.0 562.2 -42.8 
520.5 -0.0 562.2 -42.6 
520.8 -0.0 562.2 -42.3 
521.0 -0.0 562.2 -42.1 
521.3 -0.0 562.2 -41.8 
521.5 -0.0 562.2 -41.6 
521.7 -0.0 562.2 -41.3 
522.0 -0.0 562.2 -41.1 
522.2 -0.0 562.2 -40.9 
522.4 -0.0 562.2 -40.6 
522.6 -0.0 562.2 -40.4 
522.9 -0.0 562.2 -40.2 
523.1 -0.0 562.2 -39.9 
523.3 -0.0 562.3 -39.7 
523.5 -0.0 562.3 -39.5 
523.7 -0.0 562.3 -39.3 
523.9 -0.0 562.3 -39.1 
524.1 -0.0 562.3 -38.8 
524.3 -0.0 562.3 -38.6 
524.5 -0.0 562.3 -38.4 
524.7 -0.0 562.3 -38.2 
524.9 -0.0 562.3 -38.0 
525.1 -0.0 562.3 -37.8 
525.3 -0.0 562.3 -37.6 
525.5 -0.0 562.3 -37.4 
525.7 -0.0 562.3 -37.2 
525.9 -0.0 562.3 -37.0 
526.1 -0.0 562.3 -36.8 
526.3 -0.0 562.3 -36.6 
526.5 -0.0 562.3 -36.5 
526.6 -0.0 562.3 -36.3 
526.8 -0.0 562.3 -36.1 
527.0 -0.0 562.3 -35.9 
